siret;siren;nom;dateCreationEtablissement;adresse;naf;activité;trancheEffectif
50315011200038;503150112;ASI;2010-03-08;48 CITE DU DAGUENET 49100 ANGERS;62.09Z;Autres activités informatiques;3 à 5 salariés
75131512800015;751315128;ASSISTANCE INFORMATIQUE 49;2012-05-02;43 AV JEAN JOXE 49100 ANGERS;62.09Z;Autres activités informatiques;Etablissement non employeur
49125905700017;491259057;TELIMA PAYS DE LOIRE FAMILY;2006-07-31;12 AV YOLANDE D'ARAGON 49100 ANGERS;62.09Z;Autres activités informatiques;Etablissement non employeur
84874249000016;848742490;PONY;2019-03-05; BD GASTON BIRGE 49100 ANGERS;63.12Z;Portails Internet;10 à 19 salariés
42508587500028;425085875;LEGUIDE.COM;2000-01-15;46 AV WINSTON CHURCHILL 49000 ANGERS;63.12Z;Portails Internet;10 à 19 salariés
80183791500025;801837915;AEON CREATION;2014-04-16;461 RUE SAINT LEONARD 49000 ANGERS;63.12Z;Portails Internet;Etablissement non employeur
91312864100010;913128641;GIE INFORMATIQUE DES SPSTI DES PAYS DE LA LOIRE;2022-03-16;25 RUE CARL LINNE 49000 ANGERS;63.12Z;Portails Internet;Inconnu
80889288900011;808892889;EXSI.VA;2015-01-12;4 RUE DU LIERRE 49000 ANGERS;62.09Z;Autres activités informatiques;1 ou 2 salariés
78912585300026;789125853;VACANCES VUES DU CIEL;2013-02-15;1 RUE JEAN CLENET 49000 ANGERS;62.09Z;Autres activités informatiques;3 à 5 salariés
88537138500018;885371385;ANJINFO;2020-07-20;33 RUE DE LA MORELLERIE 49000 ANGERS;62.09Z;Autres activités informatiques;1 ou 2 salariés
50315011200012;503150112;ASI;2008-04-01;42 CITE DU DAGUENET 49100 ANGERS;62.09Z;Autres activités informatiques;3 à 5 salariés
79952036600011;799520366;SARL HAPPY ENDING;2014-01-06;12 BD D ESTIENNE D ORVES 49000 ANGERS;63.12Z;Portails Internet;Inconnu
42508587500010;425085875;LEGUIDE.COM;1999-11-02; RUE DUPETIT THOUARS 49000 ANGERS;63.12Z;Portails Internet;10 à 19 salariés
43345927800027;433459278;AQUALAN;2005-11-01;12 RUE RENE RABAULT 49100 ANGERS;63.12Z;Portails Internet;Etablissement non employeur
52490184000024;524901840;KIDIKLIK;2014-01-14;1 AV JEANNE D ARC 49100 ANGERS;63.12Z;Portails Internet;3 à 5 salariés
52772213600027;527722136;SPORT DEV;2012-06-13;32 RUE JEAN BODIN 49000 ANGERS;63.12Z;Portails Internet;1 ou 2 salariés
43345927800019;433459278;AQUALAN;2000-10-01;147 AV PASTEUR 49100 ANGERS;63.12Z;Portails Internet;Etablissement non employeur
43299378000068;432993780;SOGELINK;2022-01-07;35 RUE CHATEAU D ORGEMONT 49000 ANGERS;63.12Z;Portails Internet;100 à 199 salariés
50315011200020;503150112;ASI;2009-09-10;152 AV GENERAL PATTON 49000 ANGERS;62.09Z;Autres activités informatiques;3 à 5 salariés
83129101800016;831291018;ANGERS MULTIMEDIA INFORMATIQUE;2017-07-31;11 RUE ANDRE GARDOT 49100 ANGERS;62.09Z;Autres activités informatiques;1 ou 2 salariés
50094296600028;500942966;HEGYD;2008-03-17;48 RUE HENRI HAMELIN 49000 ANGERS;62.09Z;Autres activités informatiques;10 à 19 salariés
49125905700033;491259057;TELIMA PAYS DE LOIRE FAMILY;2010-09-15;2 SQ LA FAYETTE 49000 ANGERS;62.09Z;Autres activités informatiques;Etablissement non employeur
79767690500020;797676905;NIRYLIS;2015-10-14;25 RUE LENEPVEU 49100 ANGERS;62.09Z;Autres activités informatiques;Inconnu
82092596400026;820925964;BESTRANSFER;2019-02-05;1 RUE DE BUFFON 49100 ANGERS;63.12Z;Portails Internet;Inconnu
84144729500079;841447295;DOCAVENUE;2019-12-01;3 RUE CARL LINNE 49000 ANGERS;63.12Z;Portails Internet;100 à 199 salariés
43359020500020;433590205;SAGI INFORMATIQUE;2005-12-01;10 RUE SAINT MAURILLE 49100 ANGERS;62.09Z;Autres activités informatiques;Etablissement non employeur
81028606200031;810286062;FRERES TOQUE;2022-04-12;8 PL DU RALLIEMENT 49100 ANGERS;63.12Z;Portails Internet;3 à 5 salariés
91950910900014;919509109;MEB DIGITAL DISTRIBUTION;2022-09-21;12 AV DENIS PAPIN 49100 ANGERS;63.12Z;Portails Internet;Inconnu
88464416200015;884644162;MAT & CO;2020-05-28;14 RUE SAVARY 49100 ANGERS;63.12Z;Portails Internet;Inconnu
50315011200046;503150112;ASI;2011-09-15;3 RUE JACQUES CARTIER 49000 ANGERS;62.09Z;Autres activités informatiques;3 à 5 salariés
48477882400041;484778824;AUDIOTACTIC;2015-01-02;122 RUE CHATEAU D ORGEMONT 49000 ANGERS;62.09Z;Autres activités informatiques;3 à 5 salariés
53499411600018;534994116;NETWORKSAY;2011-10-03;25 RUE LENEPVEU 49100 ANGERS;62.09Z;Autres activités informatiques;Inconnu
40307190500026;403071905;ALTAIR;1997-06-29;8 RUE LE NOTRE 49000 ANGERS;62.09Z;Autres activités informatiques;Etablissement non employeur
43870599800047;438705998;INTERAVIEW PRODUCTION;2009-01-01;82 AV GENERAL PATTON 49000 ANGERS;62.09Z;Autres activités informatiques;3 à 5 salariés
40307190500034;403071905;ALTAIR;1998-01-31;9 RUE ALEXANDRE FLEMING 49000 ANGERS;62.09Z;Autres activités informatiques;Etablissement non employeur
49829954400011;498299544;D DISCOUNT SERVICES;2007-06-01;58 SQ DE LA CHOUANIERE 49000 ANGERS;62.09Z;Autres activités informatiques;Inconnu
43345927800043;433459278;AQUALAN;2016-05-01;36 AV PASTEUR 49100 ANGERS;63.12Z;Portails Internet;Etablissement non employeur
90500722500014;905007225;FOUNDER SQUARE;2021-10-27;19 PL DU PRESIDENT KENNEDY 49100 ANGERS;63.12Z;Portails Internet;Inconnu
84874249000032;848742490;PONY;2022-04-01;8 PL MONSEIGNEUR RUMEAU 49100 ANGERS;63.12Z;Portails Internet;10 à 19 salariés
49238045600029;492380456;BEES;2009-04-01;4 SQ DE CONTADES 49100 ANGERS;62.09Z;Autres activités informatiques;Etablissement non employeur
50094296600010;500942966;HEGYD;2007-11-15;20 AV GENERAL PATTON 49000 ANGERS;62.09Z;Autres activités informatiques;10 à 19 salariés
78989603200016;789896032;METRONART COM;2012-12-01;16 RUE CHEVREUL 49100 ANGERS;62.09Z;Autres activités informatiques;Inconnu
49801343200055;498013432;AGENCE 404;2015-11-01;25 RUE LENEPVEU 49100 ANGERS;62.09Z;Autres activités informatiques;6 à 9 salariés
53499411600026;534994116;NETWORKSAY;2012-06-26;8 SQ DUMONT D URVILLE 49000 ANGERS;62.09Z;Autres activités informatiques;Inconnu
49769073500038;497690735;GUIDE SANTE;2009-07-29;16 BD YVONNE POIREL 49000 ANGERS;62.09Z;Autres activités informatiques;Etablissement non employeur
49819594000024;498195940;EL WARDI TECHNOLOGY;2009-10-31;19 RUE DU PETIT CHAUMINEAU 49100 ANGERS;62.09Z;Autres activités informatiques;Etablissement non employeur
89529248000012;895292480;ETIOME;2020-10-21;58 BD DU DOYENNE 49100 ANGERS;63.12Z;Portails Internet;Inconnu
90129503000018;901295030;AVENTURA;2021-06-21;17 PL DU DOCTEUR BICHON 49100 ANGERS;63.12Z;Portails Internet;Inconnu
49432976600013;494329766;ASS GASTRONOMICA;2007-01-01;8 TRA DES BANCHAIS 49100 ANGERS;62.09Z;Autres activités informatiques;Etablissement non employeur
81843661000021;818436610;EISOX R ET D;2018-11-30;3 RUE ALEXANDRE FLEMING 49000 ANGERS;62.09Z;Autres activités informatiques;6 à 9 salariés
81843661000013;818436610;EISOX R ET D;2016-02-02;8 RUE LE NOTRE 49000 ANGERS;62.09Z;Autres activités informatiques;6 à 9 salariés
75131512800023;751315128;ASSISTANCE INFORMATIQUE 49;2020-01-01;20 BD DU DOYENNE 49100 ANGERS;62.09Z;Autres activités informatiques;Etablissement non employeur
49125905700025;491259057;TELIMA PAYS DE LOIRE FAMILY;2008-04-04;43 AV DU GRESILLE 49000 ANGERS;62.09Z;Autres activités informatiques;Etablissement non employeur
49238045600011;492380456;BEES;2006-10-16;70 SQ ALPHONSE DAUDET 49100 ANGERS;62.09Z;Autres activités informatiques;Etablissement non employeur
49801343200071;498013432;AGENCE 404;2017-05-15;14 RUE DE LA PREFECTURE 49100 ANGERS;62.09Z;Autres activités informatiques;6 à 9 salariés
51820686700013;518206867;GRAPHZINE COMMUNICATION;2009-11-02;2 SQ LA FAYETTE 49000 ANGERS;73.11Z;Activités des agences de publicité;Inconnu
47886443200040;478864432;MEDIAPILOTE ANGERS;2014-03-21;73 BD JACQUES PORTET 49000 ANGERS;73.11Z;Activités des agences de publicité;10 à 19 salariés
47886443200032;478864432;MEDIAPILOTE ANGERS;2010-06-15;2 SQ GASTON ALLARD 49000 ANGERS;73.11Z;Activités des agences de publicité;10 à 19 salariés
48361694200023;483616942;XXL DEVELOPMENT;2006-03-11;131 RUE VOLNEY 49000 ANGERS;73.11Z;Activités des agences de publicité;Etablissement non employeur
41104565100048;411045651;SARL AFFICHAGE ANDEGAVE;2015-01-01;78 AV RENE GASNIER 49100 ANGERS;73.11Z;Activités des agences de publicité;10 à 19 salariés
53020267000010;530202670;JADAWORKS;2011-02-01;355 AV GENERAL PATTON 49000 ANGERS;73.11Z;Activités des agences de publicité;Etablissement non employeur
84159813900035;841598139;DELMRAY;2022-08-08;8 PL MONSEIGNEUR RUMEAU 49100 ANGERS;73.11Z;Activités des agences de publicité;Inconnu
85129602000015;851296020;SMO-DIGITAL;2019-05-30;61 BD HENRI DUNANT 49100 ANGERS;73.11Z;Activités des agences de publicité;Inconnu
84126031800016;841260318;COLANE;2018-07-18;2 RUE DE CRIMEE 49100 ANGERS;73.11Z;Activités des agences de publicité;Inconnu
53881642200025;538816422;SAMEDI;2014-09-15;18 RUE BEAUREPAIRE 49100 ANGERS;73.11Z;Activités des agences de publicité;0 salarié
90330851800021;903308518;YET ANOTHER COMPANY;2022-02-03;24 PL TERRA BOTANICA 49100 ANGERS;73.11Z;Activités des agences de publicité;Inconnu
37761128000019;377611280;INGENIERIE SERVICE PUBLICITE;1990-04-09;109 RUE FRANKLIN 49100 ANGERS;73.11Z;Activités des agences de publicité;Etablissement non employeur
33512097800093;335120978;FABIENNE HERVE CONSEIL;2012-06-11;73 BD SAINT MICHEL 49100 ANGERS;73.11Z;Activités des agences de publicité;Etablissement non employeur
38325582500010;383255825;CENTRALFAB;1991-10-14;26 SQ HENRI FARMAN 49100 ANGERS;73.11Z;Activités des agences de publicité;Etablissement non employeur
31855803800010;318558038;DELTA PLV;1900-01-01;12 RUE GUTENBERG 49000 ANGERS;73.11Z;Activités des agences de publicité;Etablissement non employeur
45072966000032;450729660;ELIOTT FRANCE;2013-03-07;25 RUE LENEPVEU 49100 ANGERS;73.11Z;Activités des agences de publicité;Etablissement non employeur
48361694200015;483616942;XXL DEVELOPMENT;2005-08-01;10 RUE DE LA CHAUSSEE ST PIERRE 49100 ANGERS;73.11Z;Activités des agences de publicité;Etablissement non employeur
91088876700019;910888767;KOLECT;2022-02-23;8 PL MONSEIGNEUR RUMEAU 49100 ANGERS;73.11Z;Activités des agences de publicité;Inconnu
35036793400022;350367934;MEDIA SPORT;1991-06-01;19 QUAI GAMBETTA 49100 ANGERS;73.11Z;Activités des agences de publicité;Etablissement non employeur
43250895000032;432508950;CREACTIVITE COMMUNICATION;2002-06-15;3 RUE DE LA BARRE 49000 ANGERS;73.11Z;Activités des agences de publicité;Etablissement non employeur
80818294300056;808182943;OLEPSYS;2020-05-11;90 RUE FULTON 49000 ANGERS;73.11Z;Activités des agences de publicité;10 à 19 salariés
52015631600017;520156316;MONDAPAR;2010-02-11;5 RUE SAINT BLAISE 49100 ANGERS;73.11Z;Activités des agences de publicité;20 à 49 salariés
49359012900018;493590129;AGAP'HE;2007-01-08;21 RUE DE LA GENVRIE 49000 ANGERS;73.11Z;Activités des agences de publicité;Inconnu
53443249700012;534432497;BLEUGRIS COMMUNICATION;2011-09-01;16  MTE ST MAURICE 49100 ANGERS;73.11Z;Activités des agences de publicité;Inconnu
47886443200016;478864432;MEDIAPILOTE ANGERS;2004-10-01;7 RUE LIONNAISE 49100 ANGERS;73.11Z;Activités des agences de publicité;10 à 19 salariés
91799287700014;917992877;ESPERLUETTE;2022-07-28;22 RUE DU MAIL 49100 ANGERS;73.11Z;Activités des agences de publicité;Inconnu
92069768700019;920697687;TEACH NEWGATE;2022-10-14;14 AV DE LA BLANCHERAIE 49100 ANGERS;73.11Z;Activités des agences de publicité;Inconnu
34942553800023;349425538;C2A;1996-09-25;18 RUE D ANJOU 49100 ANGERS;73.11Z;Activités des agences de publicité;Etablissement non employeur
38325582500028;383255825;CENTRALFAB;1991-10-14;6 RUE DES FOURS A CHAUX 49100 ANGERS;73.11Z;Activités des agences de publicité;Etablissement non employeur
35340958400029;353409584;NAZCA;1991-02-01;40 RUE BOREAU 49100 ANGERS;73.11Z;Activités des agences de publicité;Etablissement non employeur
43503286700044;435032867;QUALI T COM;2019-01-04;25 RUE LENEPVEU 49100 ANGERS;73.11Z;Activités des agences de publicité;Etablissement non employeur
47748652600015;477486526;2F PROMOTION;2004-07-01;28 RUE DE LA PICOTIERE 49000 ANGERS;73.11Z;Activités des agences de publicité;Etablissement non employeur
78869024600012;788690246;M.F. SERVICES;2012-10-01;81 BD EUGENE CHAUMIN 49000 ANGERS;73.11Z;Activités des agences de publicité;Etablissement non employeur
51083732100015;510837321;ARAIGNEE ROUGE;2009-02-25;26 RUE DU CORNET 49100 ANGERS;73.11Z;Activités des agences de publicité;Etablissement non employeur
49153050700012;491530507;JCN COMMUNICATION;2006-09-01;1 RUE PIERRE GAUBERT 49000 ANGERS;73.11Z;Activités des agences de publicité;Etablissement non employeur
81302850300023;813028503;LINKX;2016-03-07;23 RUE HOCHE 49100 ANGERS;73.11Z;Activités des agences de publicité;Inconnu
79850746300015;798507463;ATELIER ASAP;2013-11-07;25 RUE LENEPVEU 49100 ANGERS;73.11Z;Activités des agences de publicité;3 à 5 salariés
87956114000010;879561140;DECO SERVICES;2019-10-01;11 RUE DU COMMERCE 49100 ANGERS;73.11Z;Activités des agences de publicité;0 salarié
92234570700017;922345707;ANTYA;2022-12-12;13 RUE DE BRISSAC 49000 ANGERS;73.11Z;Activités des agences de publicité;Inconnu
38168504900011;381685049;PARPROM;1991-04-02;1 RUE LAKANAL 49000 ANGERS;73.11Z;Activités des agences de publicité;Etablissement non employeur
41104565100022;411045651;SARL AFFICHAGE ANDEGAVE;1999-12-01;15 AV RENE GASNIER 49100 ANGERS;73.11Z;Activités des agences de publicité;10 à 19 salariés
43255240400027;432552404;A 2000;2002-06-10;7 IMP PASTEUR 49100 ANGERS;73.11Z;Activités des agences de publicité;Etablissement non employeur
52015631600033;520156316;MONDAPAR;2010-11-01;8 RUE SAINT MAURILLE 49100 ANGERS;73.11Z;Activités des agences de publicité;20 à 49 salariés
48276132700014;482761327;ALTACOM;2005-06-15;111 RUE DE LA MADELEINE 49000 ANGERS;73.11Z;Activités des agences de publicité;Inconnu
84170912400017;841709124;NEGOTIUM;2018-07-09;25 RUE LENEPVEU 49100 ANGERS;73.11Z;Activités des agences de publicité;1 ou 2 salariés
89931777000019;899317770;CASSINY & COMPANY;2021-05-14;5 AV DE CONTADES 49000 ANGERS;73.11Z;Activités des agences de publicité;Inconnu
34938690400024;349386904;I10 COMMUNICATION;1991-05-01;9 RUE ALEXANDRE FLEMING 49000 ANGERS;73.11Z;Activités des agences de publicité;Etablissement non employeur
35036793400048;350367934;MEDIA SPORT;1999-04-19;104 RUE DU PRE PIGEON 49100 ANGERS;73.11Z;Activités des agences de publicité;Etablissement non employeur
52015631600025;520156316;MONDAPAR;2010-08-23;6  COUR DES CORDELIERS 49100 ANGERS;73.11Z;Activités des agences de publicité;20 à 49 salariés
39785624600038;397856246;HARMONIE SARL;2009-01-01;5 RUE SAINT BLAISE 49100 ANGERS;73.11Z;Activités des agences de publicité;1 ou 2 salariés
45021103200013;450211032;POINT COMMUNICATION BRESSIGNY;2003-10-01;49 RUE BRESSIGNY 49100 ANGERS;73.11Z;Activités des agences de publicité;Etablissement non employeur
80252241700012;802522417;SCO DEVELOPPEMENT;2014-05-23;58  PROMENADE DE LA BAUMETTE 49000 ANGERS;73.11Z;Activités des agences de publicité;20 à 49 salariés
53974207200017;539742072;ATOUTMUST;2012-02-13;10 RUE DE QUATREBARBES 49100 ANGERS;73.11Z;Activités des agences de publicité;Inconnu
90345182100016;903451821;MJMG;2021-09-21;25 RUE LENEPVEU 49100 ANGERS;73.11Z;Activités des agences de publicité;Inconnu
34942553800015;349425538;C2A;1989-01-01;26 BD DU GENERAL DE GAULLE 49100 ANGERS;73.11Z;Activités des agences de publicité;Etablissement non employeur
34952171600028;349521716;SARL POURQUOI PAS;1991-08-03;9 RUE DE FREMUR 49000 ANGERS;73.11Z;Activités des agences de publicité;Etablissement non employeur
50538713400016;505387134;ARPEGES;2008-07-11;2 SQ LA FAYETTE 49000 ANGERS;73.11Z;Activités des agences de publicité;Inconnu
50825548600013;508255486;T COMME TENDANCES;2008-10-01;99 RUE DUPETIT THOUARS 49000 ANGERS;73.11Z;Activités des agences de publicité;Inconnu
49359012900026;493590129;AGAP'HE;2009-01-05;17 RUE MARCEL PAJOTIN 49000 ANGERS;73.11Z;Activités des agences de publicité;Inconnu
45245436600025;452454366;STUDIOV3;2010-04-01;7 RUE ALEXANDRE FLEMING 49000 ANGERS;73.11Z;Activités des agences de publicité;6 à 9 salariés
41104565100014;411045651;SARL AFFICHAGE ANDEGAVE;1997-03-01;40 RUE DE L AUBEPIN 49100 ANGERS;73.11Z;Activités des agences de publicité;10 à 19 salariés
42443341500017;424433415;SARL MULTIPASS COMMUNICATION;1999-10-01;461 RUE SAINT LEONARD 49000 ANGERS;73.11Z;Activités des agences de publicité;Etablissement non employeur
42134908500017;421349085;AGENCE A&O CONSEIL ET CREATION A&O;1999-01-04;4 RUE DES BASSES FOUASSIERES 49000 ANGERS;73.11Z;Activités des agences de publicité;Etablissement non employeur
41985949100013;419859491;L AGORA DU VISUEL;1998-08-01;73 BD SAINT MICHEL 49100 ANGERS;73.11Z;Activités des agences de publicité;Etablissement non employeur
79308017700025;793080177;I10 GROUPE;2016-05-01;3 RUE PIERRE LISE 49100 ANGERS;73.11Z;Activités des agences de publicité;Etablissement non employeur
78854320500017;788543205;MEDIA- PUBLI-CITE;2012-10-04;2 SQ LA FAYETTE 49000 ANGERS;73.11Z;Activités des agences de publicité;Inconnu
90330851800013;903308518;YET ANOTHER COMPANY;2021-09-16;9 SQ JACQUELINE MAILLAN 49000 ANGERS;73.11Z;Activités des agences de publicité;Inconnu
91467196100011;914671961;XLV COMMUNICATION;2022-06-01;25 RUE LENEPVEU 49100 ANGERS;73.11Z;Activités des agences de publicité;Inconnu
92196751900015;921967519;BONJOUR MIDNIGHT;2022-12-01;461 RUE SAINT LEONARD 49000 ANGERS;73.11Z;Activités des agences de publicité;Inconnu
53048365000038;530483650;BLUE MOON DESIGN;2013-10-01;27 RUE DES ARENES 49100 ANGERS;73.11Z;Activités des agences de publicité;1 ou 2 salariés
78928244900022;789282449;LILABOX;2012-11-01;2 IMP SAINT JULIEN 49100 ANGERS;73.11Z;Activités des agences de publicité;Etablissement non employeur
78999227800042;789992278;SVEN & YOKO;2018-02-01;4 RUE JACQUES BORDIER 49100 ANGERS;73.11Z;Activités des agences de publicité;Etablissement non employeur
50388149200022;503881492;J.M.D. PUBLICITE MEDIA;2015-01-01;78 AV RENE GASNIER 49100 ANGERS;73.11Z;Activités des agences de publicité;1 ou 2 salariés
53881642200017;538816422;SAMEDI;2011-12-05;4 BD HENRI ARNAULD 49100 ANGERS;73.11Z;Activités des agences de publicité;0 salarié
35036793400030;350367934;MEDIA SPORT;1997-12-19;34 BD GASTON BIRGE 49100 ANGERS;73.11Z;Activités des agences de publicité;Etablissement non employeur
33512097800085;335120978;FABIENNE HERVE CONSEIL;2009-05-15;4 RUE EVAIN 49000 ANGERS;73.11Z;Activités des agences de publicité;Etablissement non employeur
32835015200034;328350152;GERNO S.A;2006-01-23;2 SQ LA FAYETTE 49000 ANGERS;73.11Z;Activités des agences de publicité;Etablissement non employeur
45132817300013;451328173;DANATO;2004-01-06;5 AV DE CONTADES 49000 ANGERS;73.11Z;Activités des agences de publicité;Etablissement non employeur
48939987300038;489399873;PEPTINE CONSEIL;2008-09-22;56 RUE DES FOURS A CHAUX 49100 ANGERS;73.11Z;Activités des agences de publicité;Etablissement non employeur
43250895000065;432508950;CREACTIVITE COMMUNICATION;2022-05-02;6 RUE GEORGE SAND 49100 ANGERS;73.11Z;Activités des agences de publicité;Etablissement non employeur
84454580600011;844545806;SAS FMPV;2019-01-21;355 RUE SAINT LEONARD 49000 ANGERS;73.11Z;Activités des agences de publicité;Inconnu
33164801401022;331648014;MEDIAPOST;1986-09-03;34 RUE D ASSAS 49000 ANGERS;73.11Z;Activités des agences de publicité;5000 à 9999 salariés
35340958400060;353409584;NAZCA;2013-01-01;35 RUE DE LA CHALOUERE 49100 ANGERS;73.11Z;Activités des agences de publicité;Etablissement non employeur
35340958400037;353409584;NAZCA;1997-02-17;9 RUE TERRIEN COCHEREL 49100 ANGERS;73.11Z;Activités des agences de publicité;Etablissement non employeur
45132817300021;451328173;DANATO;2007-02-01;10 RUE DE LA CHAUSSEE ST PIERRE 49100 ANGERS;73.11Z;Activités des agences de publicité;Etablissement non employeur
50825548600021;508255486;T COMME TENDANCES;2009-07-01;84 AV PASTEUR 49100 ANGERS;73.11Z;Activités des agences de publicité;Inconnu
52015631600066;520156316;MONDAPAR;2019-09-03;22 BD GASTON BIRGE 49100 ANGERS;73.11Z;Activités des agences de publicité;20 à 49 salariés
78930901000013;789309010;ANJOU DIFFUSION COMMUNICATION;2012-11-15;12 RUE DE LA HARPE 49100 ANGERS;73.11Z;Activités des agences de publicité;Inconnu
53443249700020;534432497;BLEUGRIS COMMUNICATION;2015-10-01;76 RUE ADRIEN RECOUVREUR 49000 ANGERS;73.11Z;Activités des agences de publicité;Inconnu
34127531100056;341275311;HYDROPTERE;2010-12-01;3 BD DU MARECHAL FOCH 49100 ANGERS;73.11Z;Activités des agences de publicité;Etablissement non employeur
35340958400045;353409584;NAZCA;2001-01-02;14 RUE SAVARY 49100 ANGERS;73.11Z;Activités des agences de publicité;Etablissement non employeur
52458940500017;524589405;ABMC;2010-09-10;19 RUE CHARLES DENIS 49000 ANGERS;73.11Z;Activités des agences de publicité;Etablissement non employeur
79850746300023;798507463;ATELIER ASAP;2018-03-29;50 RUE DES LICES 49100 ANGERS;73.11Z;Activités des agences de publicité;3 à 5 salariés
82489759900034;824897599;ROULE MARCEL;2019-12-12;42 RUE DU GENERAL LIZE 49100 ANGERS;73.11Z;Activités des agences de publicité;3 à 5 salariés
85003130300017;850031303;SLOW MEDIA;2019-04-05;19 BD CARNOT 49100 ANGERS;73.11Z;Activités des agences de publicité;0 salarié
49826948900023;498269489;MEDIPUB;2007-12-06;2 SQ LA FAYETTE 49000 ANGERS;73.11Z;Activités des agences de publicité;Inconnu
48939987300046;489399873;PEPTINE CONSEIL;2013-09-01;1 AV JEANNE D ARC 49100 ANGERS;73.11Z;Activités des agences de publicité;Etablissement non employeur
50388149200014;503881492;J.M.D. PUBLICITE MEDIA;2008-04-14;15 AV RENE GASNIER 49100 ANGERS;73.11Z;Activités des agences de publicité;1 ou 2 salariés
42134908500025;421349085;AGENCE A&O CONSEIL ET CREATION A&O;2001-01-01;3 PL MONPROFIT 49100 ANGERS;73.11Z;Activités des agences de publicité;Etablissement non employeur
51745491400022;517454914;LMA CONSULTING;2014-06-01;20  COUR DU ROCHER 49100 ANGERS;73.11Z;Activités des agences de publicité;Inconnu
52818249600034;528182496;KAPHINE.COMMUNICATION;2013-03-01;12 RUE GEORGES MANDEL 49000 ANGERS;73.11Z;Activités des agences de publicité;Etablissement non employeur
52818249600042;528182496;KAPHINE.COMMUNICATION;2016-03-01;130 RUE DES PONTS DE CE 49000 ANGERS;73.11Z;Activités des agences de publicité;Etablissement non employeur
48498093300010;484980933;LUC FLECHEUX DESIGN;2005-11-01;5 RUE DU COMMERCE 49100 ANGERS;73.11Z;Activités des agences de publicité;Etablissement non employeur
49965470500015;499654705;BE PICTURED;2007-09-03;10 RUE EMMANUEL TRIQUIER 49000 ANGERS;73.11Z;Activités des agences de publicité;Inconnu
39785624600046;397856246;HARMONIE SARL;2011-11-07;2 SQ LA FAYETTE 49000 ANGERS;73.11Z;Activités des agences de publicité;1 ou 2 salariés
38325582500036;383255825;CENTRALFAB;1993-11-02;9 AV JEAN JOXE 49100 ANGERS;73.11Z;Activités des agences de publicité;Etablissement non employeur
43934042300094;439340423;L'EFFET PAPILLON;2015-02-12;47 AV DU GRESILLE 49000 ANGERS;73.11Z;Activités des agences de publicité;Etablissement non employeur
47886443200024;478864432;MEDIAPILOTE ANGERS;2007-06-15;4 RUE VIEILLE SAINT NICOLAS 49100 ANGERS;73.11Z;Activités des agences de publicité;10 à 19 salariés
42312168000056;423121680;SARL IGNIS;2009-04-01;6 RUE DES FOURS A CHAUX 49100 ANGERS;73.11Z;Activités des agences de publicité;10 à 19 salariés
79850746300031;798507463;ATELIER ASAP;2020-10-23;7 RUE MAX RICHARD 49100 ANGERS;73.11Z;Activités des agences de publicité;3 à 5 salariés
49973216200015;499732162;KOMUNIK;2007-09-03;264 RUE HAUTE DES BANCHAIS 49100 ANGERS;73.11Z;Activités des agences de publicité;Inconnu
75131203400018;751312034;CREATIV' FOR HALL;2012-05-02;6 RUE DE LA PARCHEMINERIE 49100 ANGERS;73.11Z;Activités des agences de publicité;Etablissement non employeur
83188797100016;831887971;STREET MARKETY BORDEAUX;2017-09-07;5 RUE SAINT BLAISE 49100 ANGERS;73.11Z;Activités des agences de publicité;1 ou 2 salariés
82977786100016;829777861;A2MS;2017-05-12;11 RUE THIERS 49100 ANGERS;73.11Z;Activités des agences de publicité;Inconnu
90330851800039;903308518;YET ANOTHER COMPANY;2022-08-19;4 RUE RENE ROUCHY 49100 ANGERS;73.11Z;Activités des agences de publicité;Inconnu
34952171600036;349521716;SARL POURQUOI PAS;1994-07-22;12 RUE DU GRAND LAUNAY 49000 ANGERS;73.11Z;Activités des agences de publicité;Etablissement non employeur
35340958400052;353409584;NAZCA;2010-09-01;81 AV JEAN JOXE 49100 ANGERS;73.11Z;Activités des agences de publicité;Etablissement non employeur
32835015200018;328350152;GERNO S.A;1983-11-15;76 RUE PLANTAGENET 49100 ANGERS;73.11Z;Activités des agences de publicité;Etablissement non employeur
52818249600026;528182496;KAPHINE.COMMUNICATION;2012-07-01;40 BD CARNOT 49100 ANGERS;73.11Z;Activités des agences de publicité;Etablissement non employeur
75186802700028;751868027;INSIGHT;2018-03-01;7 RUE SAINT MARTIN 49100 ANGERS;73.11Z;Activités des agences de publicité;1 ou 2 salariés
50890212900016;508902129;POUR QUI POURQUOI;2008-11-01;42 RUE DES LICES 49100 ANGERS;73.11Z;Activités des agences de publicité;3 à 5 salariés
43527340400010;435273404;A D COMMUNICATION;2001-03-22;15 AV RENE GASNIER 49100 ANGERS;73.11Z;Activités des agences de publicité;Etablissement non employeur
48076729200034;480767292;N N D D;2005-10-01;52 RUE DU MAIL 49100 ANGERS;73.11Z;Activités des agences de publicité;Etablissement non employeur
45072966000024;450729660;ELIOTT FRANCE;2004-06-15;37 BD D ESTIENNE D ORVES 49000 ANGERS;73.11Z;Activités des agences de publicité;Etablissement non employeur
82489759900026;824897599;ROULE MARCEL;2017-06-29;22 BD GASTON BIRGE 49100 ANGERS;73.11Z;Activités des agences de publicité;3 à 5 salariés
90962823200011;909628232;AGENCE BLVU;2022-01-25;4 SQ DU PUITS ANCEAU 49000 ANGERS;73.11Z;Activités des agences de publicité;Inconnu
92238841800019;922388418;VINOMUSIC;2022-12-08;25 RUE LENEPVEU 49100 ANGERS;73.11Z;Activités des agences de publicité;Inconnu
78612048500028;786120485;CTRE DIOCESAIN INFORMATION CHRETIENS MED;2006-02-09;36 RUE BARRA 49100 ANGERS;70.21Z;Conseil en relations publiques et communication;Etablissement non employeur
75092868100022;750928681;COVENWEB;2013-12-28;25 RUE LENEPVEU 49100 ANGERS;70.21Z;Conseil en relations publiques et communication;Inconnu
83228593600023;832285936;BLITZ CONSEIL;2018-01-01;461 RUE SAINT LEONARD 49000 ANGERS;70.21Z;Conseil en relations publiques et communication;Inconnu
83871539900013;838715399;LS COMMUNICATION;2018-03-27;6 PL DU DOCTEUR BICHON 49100 ANGERS;70.21Z;Conseil en relations publiques et communication;1 ou 2 salariés
82052676200027;820526762;COME & CO;2018-09-15;1 RUE DE LA BARRE 49000 ANGERS;70.21Z;Conseil en relations publiques et communication;Inconnu
45160796400017;451607964;TH.PETERS COMMUNICATION CONSEIL GESTION;2004-01-19;6 RUE DES FOURS A CHAUX 49100 ANGERS;70.21Z;Conseil en relations publiques et communication;Etablissement non employeur
88946384000013;889463840;EUGENIE.AGENCY;2020-09-12;26 RUE LENEPVEU 49100 ANGERS;70.21Z;Conseil en relations publiques et communication;Inconnu
45114992600060;451149926;UN, DES SENS;2017-08-01;126 RUE ST JACQUES 49100 ANGERS;70.21Z;Conseil en relations publiques et communication;1 ou 2 salariés
75092868100030;750928681;COVENWEB;2016-07-01;7 RUE SAINT MAURILLE 49100 ANGERS;70.21Z;Conseil en relations publiques et communication;Inconnu
52383834000025;523838340;SKJM;2012-10-01;15 RUE RENOU 49100 ANGERS;70.21Z;Conseil en relations publiques et communication;1 ou 2 salariés
52383834000033;523838340;SKJM;2015-11-17;9 RUE CORDELLE 49100 ANGERS;70.21Z;Conseil en relations publiques et communication;1 ou 2 salariés
52383834000041;523838340;SKJM;2016-12-19;18 RUE VOLTAIRE 49100 ANGERS;70.21Z;Conseil en relations publiques et communication;1 ou 2 salariés
81373085000027;813730850;NEWDEAL;2015-09-15;47 AV DU GRESILLE 49000 ANGERS;70.21Z;Conseil en relations publiques et communication;Inconnu
79164570800011;791645708;ORIENT'ACTION ANGERS;2013-03-11;63 BD DU MARECHAL FOCH 49100 ANGERS;70.21Z;Conseil en relations publiques et communication;Inconnu
51867464300011;518674643;GRAINE 2 STYLE;2010-01-02;21 RUE BOISNET 49100 ANGERS;70.21Z;Conseil en relations publiques et communication;Inconnu
45160796400025;451607964;TH.PETERS COMMUNICATION CONSEIL GESTION;2007-05-22;58 BD DE STRASBOURG 49000 ANGERS;70.21Z;Conseil en relations publiques et communication;Etablissement non employeur
49359183800013;493591838;REPERECOM;2007-01-04;29 RUE BEAUREPAIRE 49100 ANGERS;70.21Z;Conseil en relations publiques et communication;Inconnu
81492771100014;814927711;ECCE COMMUNICATION;2015-11-20;2 SQ LA FAYETTE 49000 ANGERS;70.21Z;Conseil en relations publiques et communication;Inconnu
79311867000025;793118670;EVOXYA;2017-05-15;1 RUE DE BUFFON 49100 ANGERS;70.21Z;Conseil en relations publiques et communication;Inconnu
80778946600016;807789466;MUSIQUE EVENEMENT PHOTOGRAPHIE SAINT TROPEZ;2014-10-24;25 RUE LENEPVEU 49100 ANGERS;70.21Z;Conseil en relations publiques et communication;Inconnu
82250747100024;822507471;CALLANDCOM;2022-05-05;25 RUE LENEPVEU 49100 ANGERS;70.21Z;Conseil en relations publiques et communication;1 ou 2 salariés
83871539900021;838715399;LS COMMUNICATION;2019-04-01;19 PL DU PRESIDENT KENNEDY 49100 ANGERS;70.21Z;Conseil en relations publiques et communication;1 ou 2 salariés
89946877100014;899468771;SQUAD;2021-05-14;52 RUE DE BRISSAC 49000 ANGERS;70.21Z;Conseil en relations publiques et communication;Inconnu
38978899300019;389788993;GULFSTREAM COMMUNICATION;1993-01-04;  LE TERTRE AU JAU 49100 ANGERS;70.21Z;Conseil en relations publiques et communication;20 à 49 salariés
82052676200019;820526762;COME & CO;2016-05-23;3 BD DU ROI RENE 49100 ANGERS;70.21Z;Conseil en relations publiques et communication;Inconnu
78957582600019;789575826;DL MEDIAS;2012-12-01;4 RUE HOCHE 49100 ANGERS;70.21Z;Conseil en relations publiques et communication;Inconnu
89761319600020;897613196;360 COMMUNICATIONS;2022-12-01;24 RUE DE LA PICOTIERE 49000 ANGERS;70.21Z;Conseil en relations publiques et communication;Inconnu
89946877100022;899468771;SQUAD;2022-05-20;15 RUE CUBAIN 49000 ANGERS;70.21Z;Conseil en relations publiques et communication;Inconnu
94895811100015;948958111;MSY PRODUCTION;2022-02-13;12 BD JEAN MOULIN 49100 ANGERS;70.21Z;Conseil en relations publiques et communication;Inconnu
79052108200038;790521082;LABAZ;2022-01-27;31 BD SAINT MICHEL 49100 ANGERS;70.21Z;Conseil en relations publiques et communication;Inconnu
41028596900037;410285969;HARMONICAP;2005-11-01;5 AV DE LA BALLUE 49000 ANGERS;70.21Z;Conseil en relations publiques et communication;Etablissement non employeur
52022914700035;520229147;OXYGEN OUEST;2012-06-26;22 RUE GUSTAVE MAREAU 49000 ANGERS;70.21Z;Conseil en relations publiques et communication;10 à 19 salariés
50283016900012;502830169;ONE WAY 49;2008-02-15;99 RUE DUPETIT THOUARS 49000 ANGERS;70.21Z;Conseil en relations publiques et communication;Inconnu
84468325000014;844683250;MIMOSA;2019-01-10;14 RUE SAVARY 49100 ANGERS;70.21Z;Conseil en relations publiques et communication;6 à 9 salariés
83918828100019;839188281;QUID LINGUA LEGAL;2018-04-04;51 RUE BAUDRIERE 49100 ANGERS;70.21Z;Conseil en relations publiques et communication;Inconnu
75344607900018;753446079;SARL MANNATHAN;2012-08-23;47 RUE DUPETIT THOUARS 49000 ANGERS;70.21Z;Conseil en relations publiques et communication;Etablissement non employeur
80832931200017;808329312;ARIMAJ;2014-12-02;17 RUE DE LA TREILLE 49000 ANGERS;70.21Z;Conseil en relations publiques et communication;Inconnu
51044265000014;510442650;AGENCE PRESTIGE;2009-01-20;5 RUE SAINT DENIS 49100 ANGERS;70.21Z;Conseil en relations publiques et communication;Etablissement non employeur
49932782300013;499327823;FINANCIERE FOCH DEVELOPPEMENT;2007-08-20;17 RUE DES DEUX HAIES 49100 ANGERS;70.21Z;Conseil en relations publiques et communication;Inconnu
91805544300017;918055443;FRAISCHEUR;2022-08-01;25 RUE LENEPVEU 49100 ANGERS;70.21Z;Conseil en relations publiques et communication;Inconnu
79052108200046;790521082;LABAZ;2023-02-02;2 SQ DE CHAMPAGNE 49100 ANGERS;70.21Z;Conseil en relations publiques et communication;Inconnu
79311867000017;793118670;EVOXYA;2013-05-16;71 RUE JOACHIM DU BELLAY 49100 ANGERS;70.21Z;Conseil en relations publiques et communication;Inconnu
51809464400011;518094644;SARL EIKO-STUDIO;2009-11-10;5 RUE DU PARVIS SAINT MAURICE 49100 ANGERS;70.21Z;Conseil en relations publiques et communication;3 à 5 salariés
52383834000017;523838340;SKJM;2010-06-21;39 RUE JOACHIM DU BELLAY 49100 ANGERS;70.21Z;Conseil en relations publiques et communication;1 ou 2 salariés
79916325800020;799163258;AGENCE ECHOS;2015-10-01;25 RUE LENEPVEU 49100 ANGERS;70.21Z;Conseil en relations publiques et communication;1 ou 2 salariés
81867536500014;818675365;AKO-T;2016-05-01;38 RUE ROGER SALENGRO 49000 ANGERS;70.21Z;Conseil en relations publiques et communication;Inconnu
88097350800018;880973508;NIGHTFALL;2020-01-16;14 RUE SAVARY 49100 ANGERS;70.21Z;Conseil en relations publiques et communication;3 à 5 salariés
83440286900012;834402869;CHANNEL GROUP INTERNATIONAL;2017-10-01;2 RUE ROGER CHAUVIRE 49100 ANGERS;70.21Z;Conseil en relations publiques et communication;Etablissement non employeur
84530907900018;845309079;GALAHAD;2019-01-09;2 RUE ANNE DE TOURVILLE 49000 ANGERS;70.21Z;Conseil en relations publiques et communication;Inconnu
92157703700010;921577037;ELLIPSE MEDIA;2022-11-07;15 RUE DES LICES 49100 ANGERS;70.21Z;Conseil en relations publiques et communication;Inconnu
89761319600012;897613196;360 COMMUNICATIONS;2021-03-24;18 RUE D ANJOU 49100 ANGERS;70.21Z;Conseil en relations publiques et communication;Inconnu
92209118600010;922091186;ICAR-CONSULTING;2023-01-02;25 RUE LENEPVEU 49100 ANGERS;70.21Z;Conseil en relations publiques et communication;Inconnu
50745639000016;507456390;CAP EXPORT;2008-07-26;31 RUE SAINT JULIEN 49100 ANGERS;70.21Z;Conseil en relations publiques et communication;Etablissement non employeur
84386870400019;843868704;CILTEPLAIT;2018-11-09;4 RUE CUBAIN 49000 ANGERS;70.21Z;Conseil en relations publiques et communication;Inconnu
83216602900013;832166029;WAVE COMMUNICATION;2017-09-01;41 RUE DUPETIT THOUARS 49000 ANGERS;70.21Z;Conseil en relations publiques et communication;Inconnu
88747042500018;887470425;LAIKO;2020-06-25;25 RUE LENEPVEU 49100 ANGERS;70.21Z;Conseil en relations publiques et communication;Inconnu
50928550800024;509285508;SKILLVALLEY;2017-09-05;2 SQ LA FAYETTE 49000 ANGERS;70.21Z;Conseil en relations publiques et communication;Inconnu
83079938300021;830799383;WEYLINK;2018-09-01;1 RUE FAIDHERBE 49100 ANGERS;70.21Z;Conseil en relations publiques et communication;Inconnu
75311131900012;753111319;DME COMMUNICATION;2012-09-01;14 RUE BOISNET 49100 ANGERS;70.21Z;Conseil en relations publiques et communication;20 à 49 salariés
50889298100020;508892981;360 EM DESIGN;2009-04-24;25 RUE LENEPVEU 49100 ANGERS;70.21Z;Conseil en relations publiques et communication;Etablissement non employeur
52022914700027;520229147;OXYGEN OUEST;2010-03-29;9 RUE ALEXANDRE FLEMING 49000 ANGERS;70.21Z;Conseil en relations publiques et communication;10 à 19 salariés
50745639000024;507456390;CAP EXPORT;2011-05-02;1 RUE DAVID D ANGERS 49100 ANGERS;70.21Z;Conseil en relations publiques et communication;Etablissement non employeur
79868710900016;798687109;AURELIE JEANNIN;2013-11-15;11 RUE DUPETIT THOUARS 49000 ANGERS;70.21Z;Conseil en relations publiques et communication;1 ou 2 salariés
83228593600015;832285936;BLITZ CONSEIL;2017-09-18;56 RUE DES FOURS A CHAUX 49100 ANGERS;70.21Z;Conseil en relations publiques et communication;Inconnu
81023431000011;810234310;SPORTS TM;2015-03-06;68 RUE JEAN DE LA FONTAINE 49000 ANGERS;70.21Z;Conseil en relations publiques et communication;Etablissement non employeur
79790754000026;797907540;DIMENSION C&C;2016-06-01;12 RUE DES ARENES 49100 ANGERS;70.21Z;Conseil en relations publiques et communication;Inconnu
80816632600013;808166326;ASSOCIATION COP&COM;2014-12-31;1 RUE DES ZEPHIRS 49100 ANGERS;70.21Z;Conseil en relations publiques et communication;Etablissement non employeur
91334338000014;913343380;INDIWEE DIGITAL;2022-04-15;30 AV DU LAC DE MAINE 49000 ANGERS;70.21Z;Conseil en relations publiques et communication;Inconnu
80527766200013;805277662;MY FIVE;2014-10-07;74 RUE VOLNEY 49000 ANGERS;70.21Z;Conseil en relations publiques et communication;Inconnu
51048801800019;510488018;A ET K MIXMEDIA;2009-02-01;24 RUE DU MAIL 49100 ANGERS;70.21Z;Conseil en relations publiques et communication;Inconnu
78612048500010;786120485;CTRE DIOCESAIN INFORMATION CHRETIENS MED;1990-01-01;25 RUE DU CANAL 49100 ANGERS;70.21Z;Conseil en relations publiques et communication;Etablissement non employeur
94814124700015;948141247;LIGHT. COMMUNICATION;2023-01-16;25 RUE LENEPVEU 49100 ANGERS;70.21Z;Conseil en relations publiques et communication;Inconnu
40955421900025;409554219;NET CONCEPT;2001-01-17;1 RUE ALEXANDRE FLEMING 49000 ANGERS;62.02A;Conseil en systèmes et logiciels informatiques;6 à 9 salariés
42422832800029;424228328;CYNATEO;2001-04-05;5 RUE ALEXANDRE FLEMING 49000 ANGERS;62.02A;Conseil en systèmes et logiciels informatiques;Etablissement non employeur
43517061800084;435170618;E-THEMIS;2010-12-28;4 RUE DE LA CHAMBRE AUX DENIERS 49000 ANGERS;62.02A;Conseil en systèmes et logiciels informatiques;50 à 99 salariés
75385572500044;753855725;I.T SEIGNEMORTE;2019-01-15;71 RUE DU MAIL 49100 ANGERS;62.02A;Conseil en systèmes et logiciels informatiques;Inconnu
75273918500094;752739185;ALTILOIRE;2022-09-01; RUE DU GRAND LAUNAY 49000 ANGERS;62.02A;Conseil en systèmes et logiciels informatiques;20 à 49 salariés
51966305800013;519663058;WIZENTIS;2010-02-01;12 RUE FREDERIC CHATELUS 49000 ANGERS;62.02A;Conseil en systèmes et logiciels informatiques;Etablissement non employeur
79958621900021;799586219;NDP SYSTEMES;2014-10-06;6 PAS DU DOYENNE 49100 ANGERS;62.02A;Conseil en systèmes et logiciels informatiques;10 à 19 salariés
79958621900039;799586219;NDP SYSTEMES;2017-09-01;152 AV GENERAL PATTON 49000 ANGERS;62.02A;Conseil en systèmes et logiciels informatiques;10 à 19 salariés
82768287300019;827682873;TRACKEET SOFTWARE;2017-02-03;25 RUE LENEPVEU 49100 ANGERS;62.02A;Conseil en systèmes et logiciels informatiques;0 salarié
82921910400017;829219104;JOBRIN;2017-03-21;32 RUE FRANCOIS MAURIAC 49000 ANGERS;62.02A;Conseil en systèmes et logiciels informatiques;Inconnu
84176462400018;841764624;AGILIGO CYBERSECURITE;2018-05-31;4 RUE PAPIAU DE LA VERRIE 49000 ANGERS;62.02A;Conseil en systèmes et logiciels informatiques;Inconnu
81478842800039;814788428;FLATIRONS SAS;2020-09-30;1 RUE DE BUFFON 49100 ANGERS;62.02A;Conseil en systèmes et logiciels informatiques;1 ou 2 salariés
81989192000020;819891920;JFB CONSULTING;2021-06-27;14 RUE MENAGE 49100 ANGERS;62.02A;Conseil en systèmes et logiciels informatiques;Etablissement non employeur
51863844000058;518638440;ADY CONSULTING;2021-08-01;15 RUE JEAN COUSIN 49100 ANGERS;62.02A;Conseil en systèmes et logiciels informatiques;Inconnu
49055755000020;490557550;GEPI;2015-09-09; ALL DU GRAND LAUNAY 49000 ANGERS;62.02A;Conseil en systèmes et logiciels informatiques;6 à 9 salariés
91998876600011;919988766;PASANJA;2022-09-28;11 RUE EDGAR DEGAS 49000 ANGERS;62.02A;Conseil en systèmes et logiciels informatiques;Inconnu
92242509500010;922425095;ANTHONY MERAND;2023-01-01;15 BD DU MARECHAL FOCH 49100 ANGERS;62.02A;Conseil en systèmes et logiciels informatiques;Inconnu
40334002900046;403340029;ALTURING;2001-07-01;3 BD ALBERT BLANCHOIN 49000 ANGERS;62.02A;Conseil en systèmes et logiciels informatiques;100 à 199 salariés
52471867300014;524718673;KALICONSEIL;2010-09-01;53 AV DU GRESILLE 49000 ANGERS;62.02A;Conseil en systèmes et logiciels informatiques;6 à 9 salariés
38237087200030;382370872;RILLCOM;2018-11-01;2 RUE DU DOC BONHOMME 49100 ANGERS;62.02A;Conseil en systèmes et logiciels informatiques;Etablissement non employeur
40096273400036;400962734;SARL UNIP ETUDE DEVELOP CONSEIL INFORMAT;2006-07-21;2 RUE DE LA CHAMBRE AUX DENIERS 49000 ANGERS;62.02A;Conseil en systèmes et logiciels informatiques;Etablissement non employeur
40096273400028;400962734;SARL UNIP ETUDE DEVELOP CONSEIL INFORMAT;1999-03-06;30 AV DU LAC DE MAINE 49000 ANGERS;62.02A;Conseil en systèmes et logiciels informatiques;Etablissement non employeur
51333169400028;513331694;ORDI PRO ASSISTANCE;2012-06-28;94 AV PASTEUR 49100 ANGERS;62.02A;Conseil en systèmes et logiciels informatiques;6 à 9 salariés
51346667200013;513466672;EDEN SOLUTIONS;2009-07-01;157 AV GENERAL PATTON 49000 ANGERS;62.02A;Conseil en systèmes et logiciels informatiques;1 ou 2 salariés
49282122800011;492821228;ECZOD;2006-11-15;11 RUE DE L ETANG 49000 ANGERS;62.02A;Conseil en systèmes et logiciels informatiques;Etablissement non employeur
50424611700023;504246117;AXONE SERVICES;2009-03-02;76 RUE DE LA MEIGNANNE 49100 ANGERS;62.02A;Conseil en systèmes et logiciels informatiques;Etablissement non employeur
38949808000057;389498080;SYNERLOG;2001-06-01;11 RUE DE BUFFON 49100 ANGERS;62.02A;Conseil en systèmes et logiciels informatiques;1 ou 2 salariés
44135477600037;441354776;ILTR;2017-05-01;35 RUE CHATEAU D ORGEMONT 49000 ANGERS;62.02A;Conseil en systèmes et logiciels informatiques;20 à 49 salariés
45110953200015;451109532;PDA SERVICES;2003-11-24;9 SQ EUGENE VARLIN 49000 ANGERS;62.02A;Conseil en systèmes et logiciels informatiques;Etablissement non employeur
75159976200026;751599762;CNP TECHNOLOGIES DE L'INFORMATION;2012-05-07;1 PL FRANCOIS MITTERRAND 49100 ANGERS;62.02A;Conseil en systèmes et logiciels informatiques;250 à 499 salariés
78826759900199;788267599;TGS FRANCE INFORMATIQUE;2011-11-28;43 AV DU GRESILLE 49000 ANGERS;62.02A;Conseil en systèmes et logiciels informatiques;50 à 99 salariés
88806148800019;888061488;INFO B.I.;2020-08-06;2 SQ LA FAYETTE 49000 ANGERS;62.02A;Conseil en systèmes et logiciels informatiques;1 ou 2 salariés
82780505200012;827805052;HELINE CONSEIL;2017-02-15;4 RUE FERNAND FOREST 49000 ANGERS;62.02A;Conseil en systèmes et logiciels informatiques;0 salarié
89459299700015;894592997;EURL GILLOT MAXIME INFORMATIQUE;2021-02-01;45 ALL GUILLAUME CERISAY 49000 ANGERS;62.02A;Conseil en systèmes et logiciels informatiques;Inconnu
89011174300021;890111743;BIG CORPORATION;2021-05-01;18 RUE DUPETIT THOUARS 49000 ANGERS;62.02A;Conseil en systèmes et logiciels informatiques;Inconnu
84161902600021;841619026;EFFIDIC;2021-03-14;8 PL MONSEIGNEUR RUMEAU 49100 ANGERS;62.02A;Conseil en systèmes et logiciels informatiques;6 à 9 salariés
50004351800033;500043518;SENETEL;2011-04-30;6 RUE DES FOURS A CHAUX 49100 ANGERS;62.02A;Conseil en systèmes et logiciels informatiques;1 ou 2 salariés
49431912200029;494319122;XMMX DESIGN;2010-04-01;2 SQ LA FAYETTE 49000 ANGERS;62.02A;Conseil en systèmes et logiciels informatiques;Etablissement non employeur
48357333300026;483573333;SIMPHONIS;2006-02-01;1 RUE DE LA BARRE 49000 ANGERS;62.02A;Conseil en systèmes et logiciels informatiques;50 à 99 salariés
42045838200405;420458382;SODIFRANCE ISIS;2014-10-01;11 BD DU MARECHAL JOFFRE 49100 ANGERS;62.02A;Conseil en systèmes et logiciels informatiques;500 à 999 salariés
42885146300045;428851463;APOGEA;2007-01-01;6 RUE DU GRAND LAUNAY 49000 ANGERS;62.02A;Conseil en systèmes et logiciels informatiques;100 à 199 salariés
80056769500039;800567695;LEMNIA;2015-09-14;9 RUE ALEXANDRE FLEMING 49000 ANGERS;62.02A;Conseil en systèmes et logiciels informatiques;6 à 9 salariés
80309973800012;803099738;IDSTM CONSEIL;2014-06-26;87 ALL GUILLAUME CERISAY 49000 ANGERS;62.02A;Conseil en systèmes et logiciels informatiques;Inconnu
88951003800017;889510038;NOEMATIC;2020-09-16;32 RUE CHATEAU GONTIER 49100 ANGERS;62.02A;Conseil en systèmes et logiciels informatiques;Inconnu
83281218400022;832812184;WISMAS;2019-08-28;19 RUE DE LA MAITRE ECOLE 49000 ANGERS;62.02A;Conseil en systèmes et logiciels informatiques;0 salarié
83025842200013;830258422;AGILIGO SOLUTIONS;2017-06-12;4 RUE PAPIAU DE LA VERRIE 49000 ANGERS;62.02A;Conseil en systèmes et logiciels informatiques;Inconnu
64205873900565;642058739;BULL SAS;1900-01-01;331 AV GENERAL PATTON 49000 ANGERS;62.02A;Conseil en systèmes et logiciels informatiques;2000 à 4999 salariés
80133060600030;801330606;FLOW LINE INTEGRATION;2016-04-01;58 BD DE STRASBOURG 49000 ANGERS;62.02A;Conseil en systèmes et logiciels informatiques;20 à 49 salariés
89789668400015;897896684;YOOLEARN 24;2021-03-25;96 RUE DES PONTS DE CE 49000 ANGERS;62.02A;Conseil en systèmes et logiciels informatiques;Inconnu
33050726000074;330507260;A.C.S.INFORMATIQUE;1991-07-15;221 RUE DU DOCTEUR GUICHARD 49000 ANGERS;62.02A;Conseil en systèmes et logiciels informatiques;10 à 19 salariés
38858607500011;388586075;EIG SANTE;1992-09-15;10 BD HENRI ARNAULD 49100 ANGERS;62.02A;Conseil en systèmes et logiciels informatiques;0 salarié
39265436400034;392654364;M B G PARTENAIRES;1999-01-15;461 RUE SAINT LEONARD 49000 ANGERS;62.02A;Conseil en systèmes et logiciels informatiques;Etablissement non employeur
39943524700016;399435247;JJC CONSULTANTS;1995-01-02;17 RUE BODINIER 49100 ANGERS;62.02A;Conseil en systèmes et logiciels informatiques;Etablissement non employeur
44534538200037;445345382;TERAONE;2007-05-02;43 AV DU GRESILLE 49000 ANGERS;62.02A;Conseil en systèmes et logiciels informatiques;Etablissement non employeur
50329305200026;503293052;DSI SOLUTIONS;2013-08-27;7 RUE ALEXANDRE FLEMING 49000 ANGERS;62.02A;Conseil en systèmes et logiciels informatiques;Etablissement non employeur
45250561300037;452505613;PINGWY;2007-03-01;27 RUE DES ARENES 49100 ANGERS;62.02A;Conseil en systèmes et logiciels informatiques;Etablissement non employeur
49118950200025;491189502;A4 INFORMATIQUE;2006-09-01;1 RUE DE LA BARRE 49000 ANGERS;62.02A;Conseil en systèmes et logiciels informatiques;6 à 9 salariés
84887647000024;848876470;AVEC CONSEIL;2022-03-01;2 RUE DU PETIT ARCEAU 49100 ANGERS;62.02A;Conseil en systèmes et logiciels informatiques;1 ou 2 salariés
78826759900025;788267599;TGS FRANCE INFORMATIQUE;1900-01-01;92 RUE CHATEAU D ORGEMONT 49000 ANGERS;62.02A;Conseil en systèmes et logiciels informatiques;50 à 99 salariés
83944224100015;839442241;YOONO;2018-05-02;7 RUE ALEXANDRE FLEMING 49000 ANGERS;62.02A;Conseil en systèmes et logiciels informatiques;1 ou 2 salariés
82754354700018;827543547;COTO CONSEIL;2017-02-02;53 RUE BOISNET 49100 ANGERS;62.02A;Conseil en systèmes et logiciels informatiques;Inconnu
83456458500018;834564585;ABQO;2018-01-08;15 RUE CONSTANT LEMOINE 49100 ANGERS;62.02A;Conseil en systèmes et logiciels informatiques;Inconnu
89011174300013;890111743;BIG CORPORATION;2020-10-09;4 AV VAUBAN 49000 ANGERS;62.02A;Conseil en systèmes et logiciels informatiques;Inconnu
38949808000024;389498080;SYNERLOG;1995-01-01;54 RUE DE LA PARCHEMINERIE 49100 ANGERS;62.02A;Conseil en systèmes et logiciels informatiques;1 ou 2 salariés
41803193600010;418031936;INFOLOGIE;1998-03-02;47 RUE DU GRAND DOUZILLE 49000 ANGERS;62.02A;Conseil en systèmes et logiciels informatiques;Etablissement non employeur
42429709100011;424297091;2R MUSIC;1999-09-09;25 RUE LENEPVEU 49100 ANGERS;62.02A;Conseil en systèmes et logiciels informatiques;Etablissement non employeur
44477410300030;444774103;PREDELL CONSULTING;2019-05-01;7 RUE ALEXANDRE FLEMING 49000 ANGERS;62.02A;Conseil en systèmes et logiciels informatiques;Etablissement non employeur
44135477600011;441354776;ILTR;2002-04-03;8 RUE LE NOTRE 49000 ANGERS;62.02A;Conseil en systèmes et logiciels informatiques;20 à 49 salariés
43993103100041;439931031;SURVISION;2008-10-01;9 SQ MAURICE BLANCHARD 49100 ANGERS;62.02A;Conseil en systèmes et logiciels informatiques;20 à 49 salariés
75385572500051;753855725;I.T SEIGNEMORTE;2019-07-15;18 SQ FREDERIC MISTRAL 49100 ANGERS;62.02A;Conseil en systèmes et logiciels informatiques;Inconnu
48261546500036;482615465;GRN LOGISTIC;2014-06-24;122 RUE CHATEAU D ORGEMONT 49000 ANGERS;62.02A;Conseil en systèmes et logiciels informatiques;10 à 19 salariés
82750507400019;827505074;GRUMPY GUY;2017-01-25;29 RUE DU CORNET 49100 ANGERS;62.02A;Conseil en systèmes et logiciels informatiques;1 ou 2 salariés
79892992300026;798929923;DOCAYO;2021-09-09;2 QUAI DES CARMES 49100 ANGERS;62.02A;Conseil en systèmes et logiciels informatiques;1 ou 2 salariés
87749255300012;877492553;DIGITALANDMARKS;2019-09-11;8 RUE LE NOTRE 49000 ANGERS;62.02A;Conseil en systèmes et logiciels informatiques;Inconnu
82248492900028;822484929;HOMER MULTI-SIMULATION;2019-06-01;25 RUE LENEPVEU 49100 ANGERS;62.02A;Conseil en systèmes et logiciels informatiques;Etablissement non employeur
82277938500019;822779385;THEDEV;2016-09-27;25 RUE LENEPVEU 49100 ANGERS;62.02A;Conseil en systèmes et logiciels informatiques;Inconnu
79987159500010;799871595;MINE THE GAP;2014-01-13;20 RUE DES VIEILLES CARRIERES 49000 ANGERS;62.02A;Conseil en systèmes et logiciels informatiques;Inconnu
55214950200148;552149502;ATOS PARTICIPATION 2;1994-06-30;6 AV DE CONTADES 49000 ANGERS;62.02A;Conseil en systèmes et logiciels informatiques;Inconnu
80308212200034;803082122;ICAHN;2016-10-01;25 RUE LENEPVEU 49100 ANGERS;62.02A;Conseil en systèmes et logiciels informatiques;Etablissement non employeur
32682006501487;326820065;SOPRA STERIA GROUP;2021-04-01;10 RUE FULTON 49000 ANGERS;62.02A;Conseil en systèmes et logiciels informatiques;10000 salariés et plus
45164065000029;451640650;COMPAGNON INFORMATIQUE;2005-11-07;1 RUE DE BREST 49100 ANGERS;62.02A;Conseil en systèmes et logiciels informatiques;Etablissement non employeur
48357333300059;483573333;SIMPHONIS;2012-01-01;152 AV GENERAL PATTON 49000 ANGERS;62.02A;Conseil en systèmes et logiciels informatiques;50 à 99 salariés
90244236700014;902442367;ANDRE M PRO;2021-08-19;17 QUAI GAMBETTA 49100 ANGERS;62.02A;Conseil en systèmes et logiciels informatiques;Inconnu
89826093000018;898260930;NPI CONSEIL;2021-04-07;220 RUE DU DOCTEUR GUICHARD 49000 ANGERS;62.02A;Conseil en systèmes et logiciels informatiques;Inconnu
90868596900010;908685969;JCL CONSULTING;2021-11-23;32 RUE DE LA BRISEPOTIERE 49100 ANGERS;62.02A;Conseil en systèmes et logiciels informatiques;Inconnu
32219010900288;322190109;EURO-INFORMATION PRODUCTION - GROUPEMENT INFORMATIQUE;2016-01-01;1 PL MOLIERE 49100 ANGERS;62.02A;Conseil en systèmes et logiciels informatiques;500 à 999 salariés
53133878800015;531338788;KIDITIC;2011-04-01;7 RUE ALEXANDRE FLEMING 49000 ANGERS;62.02A;Conseil en systèmes et logiciels informatiques;3 à 5 salariés
52496733800012;524967338;PYTAE;2010-09-22;52 BD SAINT MICHEL 49100 ANGERS;62.02A;Conseil en systèmes et logiciels informatiques;Inconnu
52457089200017;524570892;WEB APP;2010-07-31;25 RUE LENEPVEU 49100 ANGERS;62.02A;Conseil en systèmes et logiciels informatiques;Etablissement non employeur
49784917400022;497849174;YUPI;2008-03-01;21 RUE JEAN LOUIS BARRAULT 49000 ANGERS;62.02A;Conseil en systèmes et logiciels informatiques;Etablissement non employeur
50329305200018;503293052;DSI SOLUTIONS;2008-03-17;8 RUE DE SUFFREN 49000 ANGERS;62.02A;Conseil en systèmes et logiciels informatiques;Etablissement non employeur
79833073400038;798330734;SOFT-ENOV;2016-05-01;5 RUE ALEXANDRE FLEMING 49000 ANGERS;62.02A;Conseil en systèmes et logiciels informatiques;Etablissement non employeur
40955421900017;409554219;NET CONCEPT;1996-10-28;3 RUE ALEXANDRE FLEMING 49000 ANGERS;62.02A;Conseil en systèmes et logiciels informatiques;6 à 9 salariés
42429709100029;424297091;2R MUSIC;2008-03-03;11 PL FRANCOIS MITTERRAND 49100 ANGERS;62.02A;Conseil en systèmes et logiciels informatiques;Etablissement non employeur
48002667300016;480026673;FCS;2004-12-22;281 RUE SAINT LEONARD 49000 ANGERS;62.02A;Conseil en systèmes et logiciels informatiques;Etablissement non employeur
43917595100029;439175951;IPS INTEGRATED PROCESS SOLUTIONS;2007-04-13;2 SQ LA FAYETTE 49000 ANGERS;62.02A;Conseil en systèmes et logiciels informatiques;1 ou 2 salariés
49416514500033;494165145;PRAGMINFO;2011-03-01;1 RUE DE PLAISANCE 49000 ANGERS;62.02A;Conseil en systèmes et logiciels informatiques;Etablissement non employeur
49416514500025;494165145;PRAGMINFO;2008-03-01;27 BD VICTOR BEAUSSIER 49000 ANGERS;62.02A;Conseil en systèmes et logiciels informatiques;Etablissement non employeur
81989192000012;819891920;JFB CONSULTING;2016-04-23;8 RUE D IENA 49100 ANGERS;62.02A;Conseil en systèmes et logiciels informatiques;Etablissement non employeur
82208983500018;822089835;ARTIL;2016-08-18;25 RUE LENEPVEU 49100 ANGERS;62.02A;Conseil en systèmes et logiciels informatiques;3 à 5 salariés
91469050800017;914690508;MAV'IT;2022-06-15;33 RUE MARIE DURAND 49000 ANGERS;62.02A;Conseil en systèmes et logiciels informatiques;Inconnu
91040902800016;910409028;IT PUNCH;2022-02-09;45 BD JACQUES PORTET 49000 ANGERS;62.02A;Conseil en systèmes et logiciels informatiques;Inconnu
90359237600011;903592376;CODEKRAFT;2021-09-24;25 RUE LENEPVEU 49100 ANGERS;62.02A;Conseil en systèmes et logiciels informatiques;Inconnu
94852015000012;948520150;CEDA CONSULTING;2023-01-25;44 RUE DE LA BRISEPOTIERE 49100 ANGERS;62.02A;Conseil en systèmes et logiciels informatiques;Inconnu
35193828700049;351938287;HPG;1996-11-01;46 RUE SAINT LAZARE 49100 ANGERS;62.02A;Conseil en systèmes et logiciels informatiques;Etablissement non employeur
38858607500029;388586075;EIG SANTE;1998-03-01;10 RUE BODINIER 49100 ANGERS;62.02A;Conseil en systèmes et logiciels informatiques;0 salarié
79056566700025;790565667;JRE CONSULTING;2018-07-17;25 RUE LENEPVEU 49100 ANGERS;62.02A;Conseil en systèmes et logiciels informatiques;Inconnu
79074765300034;790747653;QUEEMY CONSULTING FRANCE;2018-06-05;15 BD DAVIERS 49100 ANGERS;62.02A;Conseil en systèmes et logiciels informatiques;1 ou 2 salariés
51309837600025;513098376;QOWISIO;2009-09-01;8 BD CHARLES DETRICHE 49000 ANGERS;62.02A;Conseil en systèmes et logiciels informatiques;10 à 19 salariés
40249537800034;402495378;INFOVIVE;2007-11-21;2 SQ LA FAYETTE 49000 ANGERS;62.02A;Conseil en systèmes et logiciels informatiques;Etablissement non employeur
53242479300018;532424793;PCM TECHNOLOGIE;2011-04-01;30 RUE RENE LA COMBE 49100 ANGERS;62.02A;Conseil en systèmes et logiciels informatiques;Inconnu
53302771000037;533027710;SAPSTARS;2016-09-30;6 RUE RENE RABAULT 49100 ANGERS;62.02A;Conseil en systèmes et logiciels informatiques;1 ou 2 salariés
53094258000016;530942580;CALLISTA CONSULTING;2011-04-04;25 AV YOLANDE D'ARAGON 49100 ANGERS;62.02A;Conseil en systèmes et logiciels informatiques;Inconnu
53135694700014;531356947;QUOTEX;2011-03-20;4 RUE SAINT MAURILLE 49100 ANGERS;62.02A;Conseil en systèmes et logiciels informatiques;3 à 5 salariés
49415168100041;494151681;OBEXTO GROUP;2015-06-29;1 RUE DE PLAISANCE 49000 ANGERS;62.02A;Conseil en systèmes et logiciels informatiques;6 à 9 salariés
49415168100058;494151681;OBEXTO GROUP;2017-01-01;7 RUE ALEXANDRE FLEMING 49000 ANGERS;62.02A;Conseil en systèmes et logiciels informatiques;6 à 9 salariés
50288243400017;502882434;SARL DEEG;2008-02-01;27 RUE SAINT LAZARE 49100 ANGERS;62.02A;Conseil en systèmes et logiciels informatiques;Inconnu
50026028600041;500260286;ILLICO RESEAU;2019-10-01; RUE PAPIAU DE LA VERRIE 49000 ANGERS;62.02A;Conseil en systèmes et logiciels informatiques;10 à 19 salariés
50922917500013;509229175;SOQRATE NOTAIRES;2008-11-05;3 RUE ALEXANDRE FLEMING 49000 ANGERS;62.02A;Conseil en systèmes et logiciels informatiques;Etablissement non employeur
64205873902959;642058739;BULL SAS;1992-07-01; RUE GEORGES MANDEL 49000 ANGERS;62.02A;Conseil en systèmes et logiciels informatiques;2000 à 4999 salariés
49055755000012;490557550;GEPI;2006-06-12;14 PL DE LA DAUVERSIERE 49000 ANGERS;62.02A;Conseil en systèmes et logiciels informatiques;6 à 9 salariés
35193828700023;351938287;HPG;1990-06-01;73 RUE EBLE 49000 ANGERS;62.02A;Conseil en systèmes et logiciels informatiques;Etablissement non employeur
35193828700056;351938287;HPG;2002-08-01;2 SQ GASTON ALLARD 49000 ANGERS;62.02A;Conseil en systèmes et logiciels informatiques;Etablissement non employeur
38434702700086;384347027;IA LOGIC;2018-11-01;2 RUE DU DOC BONHOMME 49100 ANGERS;62.02A;Conseil en systèmes et logiciels informatiques;20 à 49 salariés
38789640000109;387896400;S.R.P.;2004-09-01;4 RUE DE LA CHAMBRE AUX DENIERS 49000 ANGERS;62.02A;Conseil en systèmes et logiciels informatiques;Etablissement non employeur
38949808000073;389498080;SYNERLOG;2022-05-31;1 RUE DE LA BARRE 49000 ANGERS;62.02A;Conseil en systèmes et logiciels informatiques;1 ou 2 salariés
38858607500037;388586075;EIG SANTE;2008-01-02;40 AV GENERAL PATTON 49000 ANGERS;62.02A;Conseil en systèmes et logiciels informatiques;0 salarié
50447236600013;504472366;CITRUCE;2008-06-04;11 RUE DE L ETANG 49000 ANGERS;62.02A;Conseil en systèmes et logiciels informatiques;10 à 19 salariés
51333169400036;513331694;ORDI PRO ASSISTANCE;2017-06-01;20 RUE BRESSIGNY 49100 ANGERS;62.02A;Conseil en systèmes et logiciels informatiques;6 à 9 salariés
51809073300032;518090733;ORINEA;2021-11-02;25 RUE LENEPVEU 49100 ANGERS;62.02A;Conseil en systèmes et logiciels informatiques;3 à 5 salariés
53022420300014;530224203;DUVAL CONSULTING;2011-02-01;64 RUE JEANNE QUEMARD 49000 ANGERS;62.02A;Conseil en systèmes et logiciels informatiques;Inconnu
53302771000029;533027710;SAPSTARS;2013-08-08;20 ALL AIME CESAIRE 49100 ANGERS;62.02A;Conseil en systèmes et logiciels informatiques;1 ou 2 salariés
49400238900059;494002389;PERINFO;2021-10-21;9 RUE ALEXANDRE FLEMING 49000 ANGERS;62.02A;Conseil en systèmes et logiciels informatiques;20 à 49 salariés
45401936500021;454019365;A.I.SARL;2009-03-02;76 RUE DE LA MEIGNANNE 49100 ANGERS;62.02A;Conseil en systèmes et logiciels informatiques;1 ou 2 salariés
33915594700023;339155947;SOLUTION INFORMATIQUE ET DEVELOPPEMENT;1989-11-20;4 RUE DE LA CHAMBRE AUX DENIERS 49000 ANGERS;62.02A;Conseil en systèmes et logiciels informatiques;Etablissement non employeur
42499058800024;424990588;ATHENA SYSTEMS;2000-10-23;4 RUE DES GATS 49100 ANGERS;62.02A;Conseil en systèmes et logiciels informatiques;1 ou 2 salariés
43267383800038;432673838;CODILOG;2016-01-01;12 RUE PAPIAU DE LA VERRIE 49000 ANGERS;62.02A;Conseil en systèmes et logiciels informatiques;100 à 199 salariés
42158562100012;421585621;INNOV PRO SARL;1999-01-15;2 SQ GASTON ALLARD 49000 ANGERS;62.02A;Conseil en systèmes et logiciels informatiques;3 à 5 salariés
83493320200014;834933202;BRW SOLUTIONS;2018-02-01;66 RUE DU MAINE 49100 ANGERS;62.02A;Conseil en systèmes et logiciels informatiques;1 ou 2 salariés
80056769500047;800567695;LEMNIA;2017-04-01;2 SQ GASTON ALLARD 49000 ANGERS;62.02A;Conseil en systèmes et logiciels informatiques;6 à 9 salariés
79056566700017;790565667;JRE CONSULTING;2013-01-16;117 RTE DE LA PYRAMIDE 49000 ANGERS;62.02A;Conseil en systèmes et logiciels informatiques;Inconnu
79211043900033;792110439;CTRL-AM;2021-07-29;11 BD JOSEPH BEDIER 49000 ANGERS;62.02A;Conseil en systèmes et logiciels informatiques;Inconnu
85016797400011;850167974;GREEN SCALE ALCHEMY;2019-04-10;31 RUE DU QUINCONCE 49100 ANGERS;62.02A;Conseil en systèmes et logiciels informatiques;0 salarié
82248492900010;822484929;HOMER MULTI-SIMULATION;2016-08-12;76 BD JOSEPH BEDIER 49000 ANGERS;62.02A;Conseil en systèmes et logiciels informatiques;Etablissement non employeur
55214950200130;552149502;ATOS PARTICIPATION 2;1993-12-31;1 RUE DE LA CHAUSSEE ST PIERRE 49100 ANGERS;62.02A;Conseil en systèmes et logiciels informatiques;Inconnu
94769928600011;947699286;ICAHN TECHNOLOGIE;2023-01-01;33 RUE PIERRE JOSEPH PROUDHON 49000 ANGERS;62.02A;Conseil en systèmes et logiciels informatiques;Inconnu
31728838900065;317288389;FIDUCIAL INFORMATIQUE;1987-11-30;31 RUE D ORGEMONT 49000 ANGERS;62.02A;Conseil en systèmes et logiciels informatiques;500 à 999 salariés
40096273400010;400962734;SARL UNIP ETUDE DEVELOP CONSEIL INFORMAT;1995-05-15;5 RUE FERNAND FOREST 49000 ANGERS;62.02A;Conseil en systèmes et logiciels informatiques;Etablissement non employeur
42422832800011;424228328;CYNATEO;1999-10-04;8 RUE LE NOTRE 49000 ANGERS;62.02A;Conseil en systèmes et logiciels informatiques;Etablissement non employeur
45243666000016;452436660;HD COM SARL;2004-03-15;24 RUE DES MIMOSAS 49100 ANGERS;62.02A;Conseil en systèmes et logiciels informatiques;Etablissement non employeur
42158562100020;421585621;INNOV PRO SARL;2014-03-01;92 RUE CHATEAU D ORGEMONT 49000 ANGERS;62.02A;Conseil en systèmes et logiciels informatiques;3 à 5 salariés
43267383800053;432673838;CODILOG;2019-03-01;5 RUE PAPIAU DE LA VERRIE 49000 ANGERS;62.02A;Conseil en systèmes et logiciels informatiques;100 à 199 salariés
49118950200033;491189502;A4 INFORMATIQUE;2009-09-01;2 SQ GASTON ALLARD 49000 ANGERS;62.02A;Conseil en systèmes et logiciels informatiques;6 à 9 salariés
52471867300022;524718673;KALICONSEIL;2014-07-01;5 BD PABLO PICASSO 49000 ANGERS;62.02A;Conseil en systèmes et logiciels informatiques;6 à 9 salariés
51309837600058;513098376;QOWISIO;2015-09-22;4 RUE FULTON 49000 ANGERS;62.02A;Conseil en systèmes et logiciels informatiques;10 à 19 salariés
64205873903320;642058739;BULL SAS;2000-01-01;357 AV GENERAL PATTON 49000 ANGERS;62.02A;Conseil en systèmes et logiciels informatiques;2000 à 4999 salariés
49282122800029;492821228;ECZOD;2009-01-09;10 PL DE LA DAUVERSIERE 49000 ANGERS;62.02A;Conseil en systèmes et logiciels informatiques;Etablissement non employeur
49431912200011;494319122;XMMX DESIGN;2007-02-01;62 SQ DE LA CHOUANIERE 49000 ANGERS;62.02A;Conseil en systèmes et logiciels informatiques;Etablissement non employeur
50416197700013;504161977;PYC CONSEIL;2008-05-06;22 RUE KLEBER 49000 ANGERS;62.02A;Conseil en systèmes et logiciels informatiques;Inconnu
50359125700012;503591257;TERAONE INVENTIVE;2008-04-01;43 AV DU GRESILLE 49000 ANGERS;62.02A;Conseil en systèmes et logiciels informatiques;Etablissement non employeur
53135694700030;531356947;QUOTEX;2015-09-01;25 RUE LENEPVEU 49100 ANGERS;62.02A;Conseil en systèmes et logiciels informatiques;3 à 5 salariés
84246837300027;842468373;SYSENTIVE;2019-08-01;7 PL DU RALLIEMENT 49100 ANGERS;62.02A;Conseil en systèmes et logiciels informatiques;3 à 5 salariés
85365660100012;853656601;CONNECT-2M;2019-08-12;44 RUE SAINT AUBIN 49100 ANGERS;62.02A;Conseil en systèmes et logiciels informatiques;Inconnu
50843674800018;508436748;ANJOU INFORMATIQUE DEPANNAGE ASSISTANCE SERVICES;2008-10-01;10 RUE DE LA ROE 49100 ANGERS;62.02A;Conseil en systèmes et logiciels informatiques;Etablissement non employeur
51346667200021;513466672;EDEN SOLUTIONS;2011-09-26;52 BD VICTOR BEAUSSIER 49000 ANGERS;62.02A;Conseil en systèmes et logiciels informatiques;1 ou 2 salariés
51863844000025;518638440;ADY CONSULTING;2011-08-01;3 SQ ROLAND DORGELES 49100 ANGERS;62.02A;Conseil en systèmes et logiciels informatiques;Inconnu
82118135100015;821181351;ANGERONE;2016-05-30;25 RUE LENEPVEU 49100 ANGERS;62.02A;Conseil en systèmes et logiciels informatiques;Etablissement non employeur
83218399000015;832183990;MINING EURL;2017-09-18;28 RUE JEAN-BAPTISTE CLEMENT 49000 ANGERS;62.02A;Conseil en systèmes et logiciels informatiques;Inconnu
82872650500013;828726505;INCLUDE;2017-04-01;5 RUE DE ROC EPINE 49100 ANGERS;62.02A;Conseil en systèmes et logiciels informatiques;1 ou 2 salariés
38237087200022;382370872;RILLCOM;1991-10-01;6 RUE DES FOURS A CHAUX 49100 ANGERS;62.02A;Conseil en systèmes et logiciels informatiques;Etablissement non employeur
42045838200397;420458382;SODIFRANCE ISIS;2013-10-01;1 RUE DE BUFFON 49100 ANGERS;62.02A;Conseil en systèmes et logiciels informatiques;500 à 999 salariés
53481436300014;534814363;G2R CONSULTING;2011-09-02;50 AV VAUBAN 49000 ANGERS;62.02A;Conseil en systèmes et logiciels informatiques;Etablissement non employeur
53022420300022;530224203;DUVAL CONSULTING;2011-05-01;5 RUE PIERRE GAUBERT 49000 ANGERS;62.02A;Conseil en systèmes et logiciels informatiques;Inconnu
51309837600017;513098376;QOWISIO;2009-06-10;8 RUE LE NOTRE 49000 ANGERS;62.02A;Conseil en systèmes et logiciels informatiques;10 à 19 salariés
43833763600080;438337636;SAS FLOW LINE;2011-09-01;58 BD DE STRASBOURG 49000 ANGERS;62.02A;Conseil en systèmes et logiciels informatiques;Etablissement non employeur
51863844000017;518638440;ADY CONSULTING;2009-12-08;53 RUE SAINT LAZARE 49100 ANGERS;62.02A;Conseil en systèmes et logiciels informatiques;Inconnu
52029451300012;520294513;HEURISIS;2010-01-18;8 RUE LE NOTRE 49000 ANGERS;62.02A;Conseil en systèmes et logiciels informatiques;1 ou 2 salariés
52029451300020;520294513;HEURISIS;2012-11-01;9 RUE ALEXANDRE FLEMING 49000 ANGERS;62.02A;Conseil en systèmes et logiciels informatiques;1 ou 2 salariés
44135477600029;441354776;ILTR;2004-03-01;5 AV DE LA BALLUE 49000 ANGERS;62.02A;Conseil en systèmes et logiciels informatiques;20 à 49 salariés
81220347900066;812203479;SERMA SAFETY AND SECURITY;2019-09-02;10 BD HENRI ARNAULD 49100 ANGERS;62.02A;Conseil en systèmes et logiciels informatiques;100 à 199 salariés
82750507400027;827505074;GRUMPY GUY;2022-02-01;25 RUE LENEPVEU 49100 ANGERS;62.02A;Conseil en systèmes et logiciels informatiques;1 ou 2 salariés
82780505200038;827805052;HELINE CONSEIL;2019-07-01;59 BD DE STRASBOURG 49000 ANGERS;62.02A;Conseil en systèmes et logiciels informatiques;0 salarié
90779403600018;907794036;RB DEVELOPPEMENT;2021-11-23;14 RUE DU HAUT ROCHER 49100 ANGERS;62.02A;Conseil en systèmes et logiciels informatiques;Inconnu
37931165700058;379311657;CONSEIL RESEAU TELE-INFORMATIQUE;2004-08-01;7 RUE ALEXANDRE FLEMING 49000 ANGERS;62.02A;Conseil en systèmes et logiciels informatiques;20 à 49 salariés
42095166700013;420951667;ANIMAT ANJOU;1998-12-07;5 RUE COLBERT 49000 ANGERS;62.02A;Conseil en systèmes et logiciels informatiques;Etablissement non employeur
42045838200470;420458382;SODIFRANCE ISIS;2019-07-01;10 RUE FULTON 49000 ANGERS;62.02A;Conseil en systèmes et logiciels informatiques;500 à 999 salariés
43993103100082;439931031;SURVISION;2016-10-20;3 RUE CARL LINNE 49000 ANGERS;62.02A;Conseil en systèmes et logiciels informatiques;20 à 49 salariés
43517061800118;435170618;E-THEMIS;2012-12-01;355 AV GENERAL PATTON 49000 ANGERS;62.02A;Conseil en systèmes et logiciels informatiques;50 à 99 salariés
42422832800037;424228328;CYNATEO;2008-02-15;15 RUE LETANDUERE 49000 ANGERS;62.02A;Conseil en systèmes et logiciels informatiques;Etablissement non employeur
43009427600010;430094276;ANJOU CONSULTING;2000-04-01;68 RUE D ORGEMONT 49000 ANGERS;62.02A;Conseil en systèmes et logiciels informatiques;Etablissement non employeur
64205873902215;642058739;BULL SAS;1986-07-29;  CENTRE CIAL DU GD MAINE 49000 ANGERS;62.02A;Conseil en systèmes et logiciels informatiques;2000 à 4999 salariés
50004351800041;500043518;SENETEL;2012-10-25;17 AV RENE GASNIER 49100 ANGERS;62.02A;Conseil en systèmes et logiciels informatiques;1 ou 2 salariés
51333169400010;513331694;ORDI PRO ASSISTANCE;2009-07-01;8 RUE JEAN MERMOZ 49000 ANGERS;62.02A;Conseil en systèmes et logiciels informatiques;6 à 9 salariés
51978462300026;519784623;PANDION;2010-03-01;9 RUE ALEXANDRE FLEMING 49000 ANGERS;62.02A;Conseil en systèmes et logiciels informatiques;6 à 9 salariés
79920187600015;799201876;AFONE INFRASTRUCTURE;2013-12-05;11 PL FRANCOIS MITTERRAND 49100 ANGERS;62.02A;Conseil en systèmes et logiciels informatiques;50 à 99 salariés
84132130000029;841321300;OOB - SECURITY;2021-11-23;25 RUE LENEPVEU 49100 ANGERS;62.02A;Conseil en systèmes et logiciels informatiques;Inconnu
84107244000016;841072440;ICC PARTNERS;2018-07-01;17 RUE MARCEL VIGNE 49000 ANGERS;62.02A;Conseil en systèmes et logiciels informatiques;1 ou 2 salariés
89937586900026;899375869;PUPUCE CORP;2021-09-07;25 PL GREGOIRE BORDILLON 49100 ANGERS;62.02A;Conseil en systèmes et logiciels informatiques;Inconnu
89941178900014;899411789;DEUTERIUM SYSTEMS;2021-05-10;75 AV MONTAIGNE 49100 ANGERS;62.02A;Conseil en systèmes et logiciels informatiques;Inconnu
90868596900028;908685969;JCL CONSULTING;2022-12-26;114 RUE DU LUTIN 49100 ANGERS;62.02A;Conseil en systèmes et logiciels informatiques;Inconnu
37931165700066;379311657;CONSEIL RESEAU TELE-INFORMATIQUE;2011-01-15;14 BD DE LAVOISIER 49000 ANGERS;62.02A;Conseil en systèmes et logiciels informatiques;20 à 49 salariés
33050726000082;330507260;A.C.S.INFORMATIQUE;1998-05-15;122 RUE CHATEAU D ORGEMONT 49000 ANGERS;62.02A;Conseil en systèmes et logiciels informatiques;10 à 19 salariés
53872425300025;538724253;TECHNICAD;2021-05-21;152 AV GENERAL PATTON 49000 ANGERS;62.02A;Conseil en systèmes et logiciels informatiques;Inconnu
